0 0.125498 0.795703 0.034861 0.057031
0 0.164841 0.821875 0.016932 0.034375
0 0.191733 0.812109 0.012948 0.025781
0 0.196713 0.772266 0.032869 0.039844
0 0.224851 0.749609 0.013446 0.017969
0 0.242032 0.804688 0.023904 0.023438
0 0.266683 0.779297 0.015438 0.041406
0 0.290090 0.764062 0.009462 0.023438
0 0.310508 0.768359 0.016434 0.032031
0 0.305030 0.715234 0.016434 0.032031
0 0.313496 0.679297 0.008466 0.017969
0 0.328436 0.682031 0.008466 0.026562
0 0.358317 0.603906 0.018426 0.029687
0 0.354084 0.663281 0.012948 0.034375
0 0.350349 0.712891 0.016434 0.028906
0 0.391185 0.710156 0.013446 0.023438
0 0.377490 0.681641 0.012948 0.017969
0 0.376743 0.656641 0.009462 0.014844
0 0.414343 0.622656 0.022908 0.039062
0 0.391683 0.648438 0.005478 0.020313
0 0.411106 0.660547 0.010458 0.016406
0 0.420319 0.700391 0.009960 0.032031
0 0.443974 0.695312 0.015438 0.053125
0 0.465886 0.635156 0.009462 0.023438
0 0.460906 0.660937 0.020418 0.042188
0 0.466135 0.743359 0.017928 0.024219
0 0.465886 0.708984 0.010458 0.028906
0 0.482321 0.626953 0.005478 0.016406
0 0.479084 0.694141 0.009960 0.041406
0 0.493775 0.648438 0.006474 0.028125
0 0.492281 0.696484 0.008466 0.032031
0 0.514193 0.669922 0.010458 0.025781
0 0.506972 0.715625 0.007968 0.023438
0 0.532869 0.654297 0.009960 0.036719
0 0.521663 0.695703 0.008466 0.014844
0 0.526394 0.719141 0.006972 0.024219
0 0.555279 0.660937 0.014940 0.037500
0 0.539592 0.695703 0.008466 0.024219
0 0.547062 0.730859 0.008466 0.033594
0 0.563994 0.714844 0.018426 0.042188
0 0.568476 0.645703 0.015438 0.033594
0 0.591135 0.620313 0.016932 0.042188
0 0.594622 0.678906 0.016932 0.031250
0 0.595120 0.726562 0.024900 0.053125
0 0.620269 0.694922 0.018426 0.039844
0 0.610807 0.635156 0.010458 0.029687
0 0.661853 0.599609 0.023904 0.021094
0 0.631225 0.617969 0.010458 0.015625
0 0.629482 0.643359 0.007968 0.010156
0 0.649900 0.639844 0.019920 0.023438
0 0.640438 0.669531 0.014940 0.023438
0 0.676544 0.627344 0.014442 0.012500
0 0.668078 0.657422 0.009462 0.014844
0 0.678287 0.705078 0.024900 0.028906
0 0.684014 0.662500 0.011454 0.031250
0 0.700697 0.629687 0.012948 0.029687
0 0.721116 0.634766 0.006972 0.021094
0 0.706424 0.687109 0.013446 0.033594
0 0.729084 0.695312 0.019920 0.034375
0 0.748506 0.648828 0.011952 0.021094
0 0.752241 0.689844 0.005478 0.029687
0 0.774402 0.679297 0.012948 0.033594
0 0.765687 0.723828 0.008466 0.033594
0 0.793078 0.684766 0.010458 0.032031
0 0.783865 0.719922 0.012948 0.024219
0 0.811753 0.689844 0.016932 0.029687
0 0.264940 0.298047 0.012948 0.014844
0 0.275896 0.292187 0.004980 0.012500
0 0.279880 0.305859 0.007968 0.011719
0 0.295817 0.292578 0.010956 0.010156
0 0.291584 0.309375 0.006474 0.017188
0 0.302291 0.306250 0.006972 0.009375
0 0.313496 0.295703 0.012450 0.008594
0 0.313247 0.311328 0.011952 0.013281
0 0.330926 0.319531 0.017430 0.017188
0 0.326942 0.292578 0.008466 0.013281
0 0.343875 0.293359 0.012450 0.010156
0 0.339143 0.303906 0.009960 0.007812
0 0.344124 0.313672 0.009960 0.013281
0 0.363297 0.293750 0.013446 0.010937
0 0.357072 0.319922 0.011952 0.017969
0 0.376494 0.298047 0.005976 0.007031
0 0.376743 0.314063 0.014442 0.010937
0 0.397410 0.296875 0.016932 0.012500
0 0.396912 0.318750 0.013944 0.018750
0 0.419572 0.319141 0.018426 0.021094
0 0.436504 0.307422 0.014442 0.016406
0 0.456673 0.321875 0.016932 0.018750
0 0.478088 0.321875 0.012948 0.021875
0 0.502739 0.323437 0.013446 0.018750
0 0.510707 0.342578 0.013446 0.014844
0 0.491036 0.340234 0.017928 0.008594
0 0.393675 0.355469 0.009462 0.012500
0 0.457420 0.297656 0.011454 0.010937
0 0.473357 0.302734 0.002490 0.010156
0 0.550797 0.343750 0.015936 0.034375
0 0.534363 0.337109 0.010956 0.013281
0 0.519173 0.324609 0.009462 0.014844
0 0.505478 0.303125 0.009960 0.012500
0 0.523406 0.299219 0.006972 0.009375
0 0.529382 0.317969 0.008964 0.010937
0 0.540588 0.307031 0.006474 0.015625
0 0.552291 0.305469 0.007968 0.015625
0 0.565488 0.299219 0.011454 0.017188
0 0.564243 0.321875 0.008964 0.014063
0 0.581424 0.321484 0.015438 0.016406
0 0.590886 0.347656 0.013446 0.021875
0 0.596863 0.297266 0.018426 0.011719
0 0.603337 0.322266 0.017430 0.014844
0 0.621763 0.293359 0.013446 0.013281
0 0.621265 0.308594 0.018426 0.014063
0 0.644920 0.308594 0.013944 0.018750
0 0.660857 0.304688 0.010956 0.018750
0 0.677291 0.303906 0.014940 0.014063
0 0.639193 0.292969 0.010458 0.009375
0 0.771165 0.318359 0.018426 0.019531
0 0.791584 0.318750 0.009462 0.012500
0 0.811255 0.320312 0.018924 0.020313
0 0.832171 0.319922 0.010956 0.019531
0 0.852341 0.328906 0.023406 0.026562
0 0.875498 0.326562 0.015936 0.023438
0 0.896165 0.323047 0.010458 0.019531
0 0.910110 0.316406 0.011454 0.018750
0 0.932769 0.310547 0.008964 0.017969
0 0.960657 0.312500 0.023904 0.025000
0 0.988297 0.327344 0.020418 0.035937
