0 0.230469 0.549242 0.042188 0.078283
0 0.267969 0.569444 0.017188 0.068182
0 0.303906 0.553030 0.026562 0.055556
0 0.300000 0.607323 0.028125 0.042929
0 0.332031 0.583333 0.017188 0.070707
0 0.371875 0.616162 0.050000 0.111111
0 0.405469 0.734848 0.048438 0.090909
0 0.425781 0.604798 0.029687 0.047980
0 0.421094 0.648990 0.035937 0.055556
0 0.464844 0.627525 0.039062 0.078283
0 0.461719 0.713384 0.042188 0.073232
0 0.532031 0.606061 0.035937 0.050505
0 0.526563 0.710859 0.037500 0.093434
0 0.578125 0.611111 0.034375 0.060606
0 0.568750 0.710859 0.031250 0.083333
0 0.582812 0.813131 0.043750 0.095960
0 0.621094 0.705808 0.051562 0.108586
0 0.694531 0.707071 0.057813 0.080808
0 0.775000 0.694444 0.075000 0.085859
0 0.727344 0.805556 0.051562 0.090909
0 0.325000 0.304293 0.025000 0.053030
0 0.383594 0.272727 0.020313 0.025253
0 0.407031 0.306818 0.042188 0.037879
0 0.471875 0.291667 0.021875 0.017677
0 0.423438 0.344697 0.040625 0.027778
0 0.507812 0.321970 0.031250 0.032828
0 0.636719 0.327020 0.035937 0.047980
0 0.679688 0.332071 0.034375 0.047980
0 0.835938 0.287879 0.021875 0.040404
0 0.910156 0.622475 0.079687 0.088384
0 0.956250 0.727273 0.068750 0.085859
