0 0.247656 0.790488 0.048438 0.105398
0 0.282031 0.705656 0.051562 0.053985
0 0.308594 0.817481 0.035937 0.092545
0 0.357812 0.700514 0.043750 0.069409
0 0.349219 0.767352 0.039062 0.053985
0 0.382812 0.838046 0.037500 0.118252
0 0.403125 0.740360 0.025000 0.077121
0 0.443750 0.712082 0.034375 0.061697
0 0.437500 0.818766 0.025000 0.079692
0 0.487500 0.807198 0.053125 0.082262
0 0.491406 0.709512 0.026562 0.061697
0 0.543750 0.759640 0.040625 0.074550
0 0.507031 0.660668 0.032813 0.071979
0 0.539844 0.600257 0.042188 0.079692
0 0.585156 0.619537 0.026562 0.061697
0 0.557031 0.691517 0.026562 0.056555
0 0.600781 0.724936 0.035937 0.061697
0 0.625781 0.634961 0.032813 0.087404
0 0.660156 0.651671 0.026562 0.084833
0 0.690625 0.667095 0.025000 0.089974
0 0.673438 0.755784 0.046875 0.087404
0 0.630469 0.808483 0.039062 0.069409
0 0.705469 0.827763 0.067187 0.082262
0 0.729688 0.685090 0.028125 0.084833
0 0.782031 0.681234 0.032813 0.071979
0 0.738281 0.776350 0.045312 0.061697
0 0.792969 0.767352 0.032813 0.074550
