0 0.279630 0.504161 0.055556 0.062413
0 0.329630 0.603329 0.027778 0.077670
0 0.462037 0.527046 0.022222 0.049931
0 0.462963 0.454230 0.037037 0.062413
0 0.367130 0.599168 0.028704 0.069348
0 0.368056 0.505548 0.021296 0.048544
0 0.395370 0.540915 0.027778 0.063800
0 0.371759 0.430652 0.017593 0.048544
0 0.540278 0.266990 0.034259 0.034674
0 0.508796 0.273925 0.023148 0.042996
0 0.448148 0.306519 0.031481 0.049931
0 0.490278 0.296117 0.021296 0.048544
0 0.528241 0.326630 0.043519 0.037448
0 0.482407 0.349515 0.022222 0.033287
0 0.395833 0.391817 0.030556 0.037448
0 0.404167 0.436200 0.025000 0.020804
0 0.389815 0.478502 0.025926 0.038835
0 0.434259 0.361304 0.029630 0.018031
0 0.428241 0.402219 0.017593 0.036061
0 0.454630 0.384882 0.020370 0.037448
