0 0.066667 0.528470 0.068000 0.106762
0 0.279833 0.573843 0.096333 0.129893
0 0.212500 0.527877 0.071667 0.088968
0 0.238667 0.480724 0.058667 0.081257
0 0.277500 0.453440 0.073000 0.099051
0 0.353167 0.541222 0.042333 0.074140
0 0.389167 0.548043 0.071000 0.151839
0 0.428167 0.529953 0.071000 0.123962
0 0.487833 0.522835 0.072333 0.089561
0 0.540000 0.481910 0.082000 0.096679
0 0.610667 0.439502 0.091333 0.072361
0 0.635667 0.386121 0.062000 0.066429
0 0.743500 0.300415 0.064333 0.122776
0 0.818167 0.349051 0.062333 0.107355
0 0.859167 0.297153 0.057667 0.081851
0 0.933167 0.287663 0.075000 0.124555
