0 0.266250 0.198125 0.025833 0.041250
0 0.293750 0.193125 0.019167 0.033750
0 0.307917 0.239375 0.027500 0.046250
0 0.351250 0.175625 0.022500 0.036250
0 0.332083 0.215625 0.024167 0.038750
0 0.382917 0.196875 0.025833 0.046250
0 0.205833 0.271875 0.048333 0.046250
0 0.253333 0.255625 0.023333 0.051250
0 0.163333 0.336875 0.028333 0.023750
0 0.191250 0.323125 0.027500 0.036250
0 0.241667 0.303125 0.015000 0.033750
0 0.232500 0.338125 0.026667 0.028750
0 0.187917 0.383750 0.037500 0.030000
0 0.134583 0.413125 0.035833 0.046250
0 0.104167 0.509375 0.035000 0.043750
0 0.120417 0.570000 0.054167 0.045000
0 0.156250 0.491875 0.034167 0.041250
0 0.176250 0.543125 0.034167 0.036250
0 0.195833 0.476250 0.031667 0.045000
0 0.204583 0.431875 0.039167 0.033750
0 0.250833 0.435000 0.026667 0.052500
0 0.268750 0.381250 0.025833 0.040000
0 0.262917 0.329375 0.017500 0.028750
0 0.271250 0.298125 0.022500 0.026250
0 0.312500 0.329375 0.046667 0.056250
0 0.311250 0.400000 0.040833 0.052500
0 0.353333 0.273750 0.020000 0.040000
0 0.364583 0.235625 0.019167 0.033750
0 0.389583 0.363750 0.022500 0.060000
0 0.371667 0.289375 0.011667 0.041250
0 0.384167 0.255625 0.010000 0.033750
0 0.445417 0.221250 0.020833 0.030000
0 0.427083 0.233125 0.020833 0.038750
0 0.407500 0.196875 0.016667 0.046250
0 0.444167 0.340625 0.025000 0.061250
0 0.437500 0.280625 0.026667 0.033750
0 0.459583 0.266250 0.010833 0.037500
0 0.482917 0.288125 0.025833 0.068750
0 0.474167 0.207500 0.021667 0.045000
0 0.505417 0.235625 0.025833 0.058750
0 0.531667 0.215625 0.025000 0.063750
0 0.579167 0.341250 0.050000 0.077500
0 0.575833 0.263125 0.026667 0.043750
0 0.602917 0.253750 0.032500 0.065000
0 0.633750 0.338125 0.025833 0.048750
0 0.633750 0.299375 0.022500 0.028750
0 0.662917 0.341875 0.019167 0.048750
0 0.685417 0.340625 0.020833 0.046250
0 0.705833 0.306875 0.038333 0.051250
0 0.717083 0.364375 0.025833 0.046250
0 0.753750 0.378750 0.027500 0.047500
0 0.681667 0.416875 0.036667 0.033750
0 0.624583 0.445625 0.020833 0.038750
0 0.681667 0.480625 0.045000 0.071250
0 0.679167 0.568125 0.036667 0.071250
0 0.728750 0.539375 0.034167 0.051250
0 0.733750 0.494375 0.029167 0.041250
0 0.739583 0.458125 0.015833 0.023750
0 0.731667 0.420000 0.023333 0.032500
0 0.766250 0.431250 0.030833 0.030000
0 0.823750 0.451875 0.034167 0.036250
0 0.784167 0.480625 0.025000 0.043750
0 0.788750 0.544375 0.044167 0.046250
0 0.790417 0.596875 0.035833 0.046250
0 0.780833 0.709375 0.041667 0.073750
0 0.838333 0.672500 0.033333 0.087500
0 0.877917 0.663750 0.029167 0.052500
0 0.870417 0.614375 0.029167 0.028750
0 0.829167 0.568125 0.026667 0.053750
0 0.858750 0.547500 0.024167 0.035000
0 0.822083 0.505000 0.035833 0.035000
0 0.860000 0.502500 0.025000 0.035000
0 0.869583 0.748125 0.060833 0.036250
0 0.848333 0.790625 0.050000 0.056250
0 0.790000 0.899375 0.053333 0.063750
0 0.798333 0.833125 0.066667 0.046250
0 0.871250 0.870625 0.062500 0.071250
0 0.870000 0.940000 0.040000 0.045000
0 0.811667 0.979375 0.025000 0.041250
0 0.833333 0.969375 0.023333 0.048750
