0 0.128264 0.527000 0.086162 0.077000
0 0.126142 0.729750 0.095627 0.085500
0 0.160901 0.644500 0.109661 0.106000
0 0.299119 0.773500 0.081266 0.106000
0 0.280352 0.655750 0.080287 0.082500
0 0.344974 0.624250 0.088120 0.114500
0 0.280026 0.522500 0.058747 0.071000
0 0.404210 0.596000 0.085183 0.148000
0 0.440601 0.501000 0.088120 0.126000
0 0.532474 0.487000 0.078655 0.119000
0 0.633322 0.553250 0.108681 0.169500
0 0.762728 0.615250 0.109661 0.137500
0 0.753264 0.508000 0.090731 0.106000
0 0.855255 0.498750 0.081266 0.153500
0 0.944027 0.569750 0.078655 0.162500
0 0.507180 0.862500 0.098564 0.168000
