0 0.067317 0.648047 0.075209 0.163281
0 0.172702 0.804688 0.081708 0.173437
0 0.152043 0.710547 0.045961 0.130469
0 0.222841 0.668750 0.072423 0.131250
0 0.225859 0.587109 0.058960 0.103906
0 0.201718 0.505078 0.044104 0.089844
0 0.285283 0.501172 0.026462 0.089844
0 0.353993 0.474219 0.037604 0.085938
0 0.339601 0.581250 0.043175 0.100000
0 0.383705 0.631641 0.031105 0.135156
0 0.346100 0.816797 0.112813 0.214844
0 0.405757 0.357422 0.024141 0.047656
0 0.464949 0.360938 0.028319 0.025000
0 0.471913 0.401172 0.022748 0.024219
0 0.497214 0.362500 0.017642 0.029687
0 0.500000 0.398047 0.023213 0.028906
0 0.548979 0.386328 0.032033 0.053906
0 0.582405 0.376953 0.021820 0.044531
0 0.623723 0.378125 0.038533 0.054688
0 0.668988 0.374609 0.030641 0.058594
0 0.490947 0.596484 0.052461 0.089844
0 0.520659 0.720313 0.056175 0.157812
0 0.582405 0.510547 0.034819 0.094531
0 0.594243 0.598047 0.044568 0.061719
0 0.616760 0.621875 0.046890 0.045312
0 0.609564 0.712500 0.053853 0.106250
0 0.644847 0.702734 0.023213 0.085156
0 0.663417 0.627344 0.026927 0.112500
0 0.690808 0.588672 0.023213 0.102344
0 0.731662 0.627734 0.025070 0.108594
0 0.698932 0.702344 0.029248 0.126562
0 0.773213 0.550391 0.037604 0.069531
0 0.768106 0.650781 0.034819 0.107813
0 0.835887 0.635547 0.079387 0.138281
0 0.934540 0.633984 0.054782 0.142969
