0 0.187963 0.817593 0.040123 0.120370
0 0.546296 0.840278 0.067901 0.150926
0 0.333025 0.719444 0.052469 0.148148
0 0.388889 0.631019 0.097531 0.117593
0 0.305556 0.502315 0.051852 0.087963
0 0.254630 0.844907 0.062346 0.193519
0 0.366667 0.339352 0.038272 0.073148
0 0.453086 0.360185 0.055556 0.064815
0 0.393210 0.443056 0.043210 0.062037
0 0.480556 0.512500 0.078395 0.104630
0 0.510185 0.398611 0.026543 0.041667
0 0.514815 0.461574 0.046914 0.080556
0 0.557407 0.458796 0.020988 0.075000
0 0.574691 0.362500 0.045679 0.078704
0 0.667284 0.355093 0.039506 0.049074
0 0.643827 0.389815 0.034568 0.075926
0 0.709877 0.376389 0.017284 0.056481
0 0.623148 0.453241 0.048765 0.052778
0 0.579630 0.523611 0.024691 0.075000
0 0.575309 0.602315 0.056790 0.112037
0 0.641358 0.534722 0.056790 0.080556
0 0.620370 0.667593 0.038272 0.159259
0 0.726852 0.537500 0.024074 0.078704
0 0.743210 0.507407 0.038272 0.114815
0 0.796605 0.522685 0.057407 0.091667
0 0.804012 0.594907 0.050000 0.052778
0 0.852469 0.600926 0.017284 0.096296
0 0.896605 0.624537 0.029012 0.091667
0 0.775309 0.806944 0.064198 0.171296
0 0.799691 0.678704 0.079630 0.142593
0 0.672840 0.659259 0.054321 0.122222
